00000000000000000000010000000110
00000000010100000000000000100100
00000000000010000000000001000100
00000000000000000000000011100100
00000000000000000000000001100100
00000000000100000000000010100010
00000000001110000000000010000010
00000000001010010001100011000110
00000000000110011000000000010000
00000000001110010100000000000011
00000000000100010000000000000011
00000000000010000000000001100100
00000000000000001000000011100100
00000000000010001000000001000100
00000000000010001001000011000110
11111111101010011000000000001000
11111111100010001100000000001000
00000000000100000100000001000110
11111111111100000000000000010000
