00000000000000000000000100000110
00000000000000000000000000000000
00000000000000000000000000000000
00000000000000000000000000000000
00000000000001010000000000100100
00000000000000001000000001000100
00000000000000000000000011100100
00000000000000000000000001100100
00000000000000000000000000000000
00000000000000010000000010100010
00000000000000111000000010000010
00000000000000000000000000000000
00000000000000000000000000000000
00000000000000000000000000000000
00000000000000101100011011000110
00000000000000000000000000000000
00000000000000000000000000000000
00000000000000000000000000000000
00000000000000111110000000010000
00000000000000000000000000000000
00000000000000000000000000000000
00000000000000000000000000000000
00000000000000111101000000000011
00000000000000010100000000000011
00000000000000001000000001100100
00000000000000000010000011100100
00000000000000001010000001000100
00000000000000000000000000000000
00000000000000000000000000000000
00000000000000000000000000000000
00000000000000001010010011000110
00000000000000000000000000000000
00000000000000000000000000000000
00000000000000000000000000000000
11111111111100111110000000001000
00000000000000000000000000000000
00000000000000000000000000000000
00000000000000000000000000000000
11111111111011111011000000001000
00000000000000000000000000000000
00000000000000000000000000000000
00000000000000000000000000000000
11111111111111101000000000010000
00000000000000000000000000000000
00000000000000000000000000000000
00000000000000000000000000000000
