00000000000000000000000100000110
00000000000000000000000000000000
00000000000000000000000000000000
00000000000000000000000000000000
00000000000000010000000000100100
00000000000000000000000000000000
00000000000000000000000000000000
00000000000000000000000000000000
00000000000000001000000000100010
00000000000000000000000000000000
00000000000000000000000000000000
00000000000000000000000000000000
00000000000000001000000001000010
00000000000000000000000000000000
00000000000000000000000000000000
00000000000000000000000000000000
11111111111111100010000000010000
00000000000000000000000000000000
00000000000000000000000000000000
00000000000000000000000000000000
00000000000000111000000000100100
00000000000000011000000001100100
00000000000000000000000000000000
00000000000000000000000000000000
00000000000000001000000001000010
00000000000000011000000001100010
00000000000000000000000000000000
00000000000000000000000000000000
00000000000000001010000001000100
00000000000000011000000000000011
00000000000000000000000000000000
00000000000000000000000000000000
00000000000000001010000000000011
11111111111100011000000000010000
00000000000000000000000000000000
00000000000000000000000000000000
00000000000000000000000000000000
