00000000000000000000000100000110
00000000000000000000000000000000
00000000000000000000000000000000
00000000000000000000000000000000
00000000000000010000000000100100
00000000000000000000000000000000
00000000000000000000000000000000
00000000000000000000000000000000
00000000000000001000000000100010
00000000000000000000000000000000
00000000000000000000000000000000
00000000000000000000000000000000
00000000000000001000000001000010
00000000000000000000000000000000
00000000000000000000000000000000
00000000000000000000000000000000
11111111111111100010000000010000
00000000000000000000000000000000
00000000000000000000000000000000
00000000000000000000000000000000
00000000000000001000000001000100
00000000000000000000000000000000
00000000000000000000000000000000
00000000000000000000000000000000
00000000000000010000000001000010
00000000000000000000000000000000
00000000000000000000000000000000
00000000000000000000000000000000
00000000000000010000000001000010
00000000000000000000000111000110
00000000000000000000000000000000
00000000000000000000000000000000
00000000000000101000000000100100
00000000000000000000000000000000
00000000000000000000000000000000
00000000000000000000000000000000
00000000000000001000000000100010
00000000000000001010000001000100
00000000000000000000000000000000
00000000000000000000000000000000
00000000000000000000000000000000
00000000111111111010111001000100
00000000000000000000000000000000
00000000000000000000000000000000
00000000000000000000000000000000
00000000000010000110000000001000
00000000000000000000000000000000
00000000000000000000000000000000
00000000000000000000000000000000
00000000000000010001110001100110
00000000000000000000000000000000
00000000000000000000000000000000
00000000000000000000000000000000
00000000000000011000000010000010
00000000000000000000000000000000
00000000000000000000000000000000
00000000000000000000000000000000
00000000000101111100000000001000
00000000000000000000000000000000
00000000000000000000000000000000
00000000000000000000000000000000
00000000000000100000000000100100
00000000000000000000000000000000
00000000000000000000000000000000
00000000000000000000000000000000
00000000000000001000000000100010
00000000000000000000000000000000
00000000000000000000000000000000
00000000000000000000000000000000
00000000000000010001110001100110
00000000000000000000000000000000
00000000000000000000000000000000
00000000000001000000000010100100
00000000000000011000000010000010
00000000000000000000000000000000
00000000000000000000000000000000
00000000000000000000000000000000
00000000011111111100111011000100
00000000000000000000000000000000
00000000000000000000000000000000
00000000000000000000000000000000
00000000001100101110000111100100
00000000000000000000000000000000
00000000000000000000000000000000
00000000000000000000000000000000
00000000000000101111000000001000
00000000000000000000000000000000
00000000000000000000000000000000
00000000000000000000000000000000
00000000000110011000000011000100
00000000000001000100101010000100
00000000000000001101000110100100
00000000000000000000000000000000
00000000000111000110001011000100
00000000000000000000000000000000
00000000000000000000000000000000
00000000000000000000000000000000
00000000000000110100000010000110
11111111111101011101000000001000
00000000000000000000000000000000
00000000000000000000000000000000
00000000000000000000000000000000
00000000000000011100000000000011
00000000000000001000000011000100
00000000000000000000000010100010
00000000000000000000000000000000
00000000000000000000000000000000
00000000000000000000000000000000
00000000000000101000000010100010
00000000000000000000000000000000
00000000000000000000000000000000
00000000000000000000000000000000
00000000000000010101000111100110
00000000000000000000000000000000
00000000000000000000000000000000
00000000000000000000000000000000
11111111110101100111000000001000
00000000000000000000000000000000
00000000000000000000000000000000
00000000000000000000000000000000
00000000000000111000000000100100
00000000000000011000000001100100
00000000000000000000000000000000
00000000000000000000000000000000
00000000000000001000000001000010
00000000000000011000000001100010
00000000000000000000000000000000
00000000000000000000000000000000
00000000000000001010000001000100
00000000000000011000000000000011
00000000000000000000000000000000
00000000000000000000000000000000
00000000000000001010000000000011
11111111101111111000000000010000
00000000000000000000000000000000
00000000000000000000000000000000
00000000000000000000000000000000
