00000000000100000000000100100100
00000000010010000000000100100010
00000000010010000000001001000010
11111111111101001000000000010000
00000000000010000000001001000100
00000000100100000000001001000010
00000000100100000000001001000010
00000000000000000000001011000100
00000000001010000000000100100100
00000000010010000000000100100010
00000000000011001000001001000100
00001111111111001011101001000100
00000000000111011000000000001000
00000000100100100111001001100110
00000000100110000000001010000010
00000000100001010000000000001000
00000000001000000000000100100100
00000000010010000000000100100010
00000000100100100111001001100110
00000000010000000000001010100100
00000000100110000000001010000010
00000111111111010011101011000100
00000011001011011000011011100100
00000000000011011100000000001000
00000001100110000000001011000100
00000000010001010010101010000100
00000000000011010100011010100100
00000001110001011000101011000100
00000000101101010000001010000110
11111111101111010100000000001000
00000000100111010000000000000011
00000000000010000000001011000100
00000000000000000000001010100010
00000000101010000000001010100010
00000000100101010100011011100110
11111111001001011100000000001000
00000000001110000000000100100100
00000000000110000000001001100100
00000000010010000000001001000010
00000000100110000000001001100010
00000000000011001000001001000100
00000000100110000000000000000011
00000000010011001000000000000011
11111110101000000000000000010000